0.005128206	0.013333337	0.020000005	0.016666671	0.020000005	0.020000005	0.0	0.005405407	0.036363646	0.01538462	0.03750001	0.01538462	0.08750252	0.01538462	0.0	0.008000001	0.018181823	0.0017857148	0.0	0.0	0.020000005	0.016666671	0.0	0.028573934	0.014285718	0.0	0.0	0.011111114	0.016666671	0.0	0.018181823	0.0	0.018181823	0.0050000013	0.018181823	0.020000005	0.04000001	0.0060606077	1.8486344E-6	0.0	0.008000001	0.019047624	0.004166668	0.0	0.036381494	0.0	0.0060606077	0.0	0.0	0.00769231	0.0	0.013333337	0.0	0.0
0.018181823	0.005555557	0.0027027035	0.0027777785	0.0027777785	0.0	0.00808081	0.0027397266	0.0026666673	0.00851064	0.008000001	0.005128206	0.0026666673	0.0	0.002298851	0.005479453	0.008045979	0.0026666673	0.0048780497	0.0027777785	0.0027027035	0.0	0.0026315795	0.0026315795	0.002816902	0.002409639	0.025000006	0.0046511637	0.0	0.0027397266	0.0026315795	0.005479453	0.06274512	0.004761906	0.0027777785	0.0073170746	0.052631594	0.0	0.0	0.0068965536	0.004819278	0.0127272755	0.0	0.0027397266	0.004761906	0.006315791	0.00392157	0.0	0.004545456	0.0027397266	0.0077922093	0.0027027035	0.007594938
0.022222228	0.018181823	0.022222228	0.022222228	0.0	0.005555557	0.0	0.016666671	0.006451614	0.016666671	0.013333337	0.016666671	0.0	0.008333336	0.020000005	0.0018018023	0.0	0.0	0.022222228	0.018181823	0.0	0.0	0.01538462	0.0	0.0	0.011764709	0.008695655	0.0	0.020000005	0.0	0.020000005	0.005128206	0.009523812	0.022222228	0.0	0.025000006	0.0	0.0	0.008333336	0.0	0.00425532	0.0	0.0	0.0	0.0	0.0	0.0	0.008000001	0.0	0.014285718	0.0	0.0
0.033333343	0.050000012	0.050000012	0.0	0.006451614	0.0	0.028571436	0.00769231	0.028571436	0.020000005	0.028571436	0.0	0.010526318	0.04000001	0.001886793	0.0	0.0	0.050000012	0.033333343	0.0	0.0	0.025000006	0.066666685	0.0	0.016666671	0.011111114	0.0	0.04000001	0.0	0.04000001	0.0	0.012500003	0.050000012	0.0	0.30741125	0.0	0.0	0.010526318	0.0	0.004761906	0.0	0.0	0.0	0.0	0.0	0.0	0.010000003	0.0	0.022222228	0.0	0.0
0.033333343	0.033333343	0.0	0.0060606077	0.0	0.022222228	0.007142859	0.022222228	0.016666671	0.022222228	0.0	0.019047624	0.028571436	0.0018518523	0.0	0.0	0.033333343	0.025000006	0.0	0.0	0.020000005	0.0	0.0	0.014285718	0.010000003	0.0	0.028571436	0.0	0.028571436	0.0	0.011111114	0.033333343	0.0	0.0068965536	0.0	0.0	0.009523812	0.0	0.004545456	0.0	0.0	0.0	0.0	0.0	0.0	0.018181823	0.0	0.018181823	0.0	0.0
0.100000024	0.0	0.012903228	0.0	0.028571436	0.00769231	0.057142872	0.020000005	0.028571436	0.0	0.010526318	0.08000002	0.001886793	0.0	0.0	0.100000024	0.066666685	0.0	0.0	0.025000006	0.0	0.0	0.016666671	0.011111114	0.0	0.04000001	0.0	0.08000002	0.0	0.012500003	0.100000024	0.0	0.007407409	0.0	0.0	0.010526318	0.0	0.004761906	0.0	0.0	0.0	0.0	0.0	0.0	0.010000003	0.0	0.022222228	0.0	0.0
0.0	0.012903228	0.0	0.028571436	0.00769231	0.057142872	0.020000005	0.028571436	0.0	0.010526318	0.08000002	0.001886793	0.0	0.0	0.100000024	0.066666685	0.0	0.0	0.025000006	0.0	0.0	0.016666671	0.011111114	0.0	0.04000001	0.0	0.08000002	0.0	0.012500003	0.100000024	0.0	0.007407409	0.0	0.0	0.010526318	0.0	0.004761906	0.0	0.0	0.0	0.0	0.0	0.0	0.010000003	0.0	0.022222228	0.0	0.0
0.0	0.0	0.0	0.0	0.0	0.0	0.0	0.0	0.0	0.0	0.0	0.0	0.0	0.0	0.0	0.0	0.0	0.0	0.0	0.014285718	0.0	0.0	0.0	0.0	0.0	0.0	0.0	0.0	0.0	0.0	0.0	0.0	0.0	0.0	0.0	0.0	0.0	0.0	0.0	0.0	0.0	0.0	0.0	0.0	0.025000006	0.0	0.0
0.0	0.0058823545	0.003773586	0.011764709	0.005405407	0.0058823545	0.0	0.0043478273	0.012500003	0.0030075195	0.0	0.0	0.012903228	0.012121215	0.0	0.0	0.005714287	0.0	0.0	0.005128206	0.0044444455	0.0	0.0062500015	0.0	0.012500003	0.009836068	0.0046511637	0.012903228	0.0	0.0037037046	0.0	0.0	0.0043478273	0.0	0.0028985515	0.0	0.0	0.0	0.0037037046	0.0	0.0	0.00425532	0.0	0.005555557	0.0	0.0
0.0	0.007407409	0.0	0.036363646	0.0	0.0	0.0	0.0	0.0	0.025000006	0.013333337	0.0	0.0	0.0	0.044444457	0.0	0.0	0.012500003	0.0	0.0	0.0	0.0	0.022222228	0.0	0.005714287	0.0	0.0	0.013333337	0.0	0.0	0.0	0.010000003	0.012500003	0.0046511637	0.0	0.100000024	0.011764709	0.007142859	0.005714287	0.0	0.009523812	0.033333343	0.0	0.028571436	0.016666671
0.0068965536	0.020000005	0.01538462	0.04000001	0.0	0.009090912	0.025000006	0.0018348627	0.020000005	0.0	0.028571436	0.022222228	0.0	0.0	0.018181823	0.0	0.0	0.013333337	0.009523812	0.0	0.025000006	0.0	0.025000006	0.0	0.010526318	0.028571436	0.0	0.0066666687	0.0	0.0	0.009090912	0.011111114	0.0044444455	0.0	0.0	0.0	0.0	0.0	0.0	0.008695655	0.0	0.016666671	0.0	0.0
0.0068965536	0.031250007	0.0068965536	0.0	0.0048780497	0.007407409	0.0062500015	0.0068965536	0.011111114	0.00769231	0.007142859	0.0	0.013333337	0.0066666687	0.0	0.005405407	0.0058823545	0.010000003	0.0	0.007407409	0.013333337	0.007407409	0.010714289	0.010526318	0.00769231	0.027777785	0.0040816334	0.0	0.0	0.009756099	0.016216218	0.009375002	0.0	0.007407409	0.005263159	0.016326534	0.007142859	0.0	0.009523812	0.007407409	0.006451614	0.021428578	0.0060606077
0.01538462	0.020000005	0.0	0.009090912	0.07500002	0.0036697255	0.0	0.0	0.057142872	0.044444457	0.0	0.0	0.018181823	0.0	0.0	0.04000001	0.009523812	0.0	0.025000006	0.0	0.07500002	0.0	0.010526318	0.057142872	0.0	0.013333337	0.0	0.0	0.009090912	0.0	0.0044444455	0.0	0.0	0.0	0.0	0.0	0.0	0.008695655	0.0	0.016666671	0.0	0.0
0.01538462	0.0	0.008000001	0.018181823	0.0017857148	0.0	0.0	0.020000005	0.016666671	0.0	0.042909756	0.014285718	0.0	0.0	0.011111114	0.016666671	0.0	0.018181823	0.0	0.018181823	0.0050000013	0.018181823	0.020000005	0.04000001	0.0060606077	1.8486344E-6	0.0	0.008000001	0.019047624	0.004166668	0.0	0.036381494	0.0	0.0060606077	0.0	0.0	0.00769231	0.0	0.013333337	0.0	0.0
0.0	0.009090912	0.025000006	0.0018348627	0.020000005	0.0	0.028571436	0.022222228	0.0	0.0	0.018181823	0.0	0.0	0.013333337	0.009523812	0.0	0.025000006	0.0	0.025000006	0.0	0.021052636	0.028571436	0.0	0.0066666687	0.0	0.033333343	0.009090912	0.0	0.0044444455	0.0	0.0	0.0	0.0	0.0	0.0	0.008695655	0.0	0.016666671	0.0	0.0
0.0	0.0	0.0036036046	0.0	0.0	0.0	0.0	0.0	0.0	0.0	0.0	0.0	0.0	0.01739131	0.0	0.0	0.0	0.0	0.0	0.0	0.0	0.0	0.0	0.0	0.0	0.0	0.0	0.0	0.0	0.0	0.0	0.0	0.0	0.0	0.0	0.0	0.0	0.0	0.0
0.010000003	0.0033057858	0.0	0.0	0.010526318	0.009523812	0.0	0.0	0.008695655	0.0	0.0	0.007407409	0.0060606077	0.0	0.020000005	0.0	0.010000003	0.0	0.012903228	0.010526318	0.0	0.004761906	0.0	0.0	0.011764709	0.0	0.0070175454	0.0	0.0	0.0	0.0	0.0	0.0	0.017142862	0.0	0.016666671	0.0	0.0
0.0018691593	0.0	0.0	0.08000002	0.057142872	0.0	0.0	0.022222228	0.0	0.0	0.03076924	0.010526318	0.0	0.033333343	0.0	0.100000024	0.0	0.011764709	0.08000002	0.0	0.007142859	0.0	0.0	0.010000003	0.0	0.0046511637	0.0	0.0	0.0	0.0	0.0	0.0	0.009523812	0.0	0.020000005	0.0	0.0
0.0	0.01034483	0.001886793	0.0018518523	0.0	0.0	0.0018181822	0.0	0.0	0.0035087727	0.0050000013	0.0	0.0018691593	0.0036363644	0.0018691593	0.007352943	0.0016949157	0.001886793	0.0017241384	0.0062015518	0.0036697255	0.0	0.0016528929	0.0	0.011111114	0.0	0.0	0.008474578	0.00775194	0.02058824	0.0	0.0065573785	0.0	0.0018018023	0.0	0.007079648
0.011764709	0.0	0.0	0.0	0.018181823	0.0	0.0	0.011111114	0.0	0.0	0.0	0.0	0.018181823	0.0	0.005405407	0.0	0.0	0.011764709	0.0	0.0	0.0	0.009090912	0.022222228	0.0044444455	0.0	0.025000006	0.010526318	0.0066666687	0.005405407	0.0	0.008695655	0.025000006	0.0	0.022222228	0.014285718
0.0	0.0	0.0	0.011111114	0.0	0.0	0.008000001	0.009090912	0.0	0.0	0.0	0.044444457	0.0	0.009090912	0.0	0.0	0.016666671	0.005405407	0.0	0.0	0.0068965536	0.008000001	0.00769231	0.0	0.013333337	0.038461547	0.005405407	0.027272735	0.0	0.0066666687	0.013333337	0.0	0.012500003	0.04761906
0.066666685	0.0	0.0	0.025000006	0.0	0.0	0.016666671	0.011111114	0.0	0.04000001	0.0	0.08000002	0.0	0.012500003	0.100000024	0.0	0.007407409	0.0	0.0	0.010526318	0.0	0.004761906	0.0	0.0	0.0	0.0	0.0	0.0	0.010000003	0.0	0.022222228	0.0	0.0
0.0	0.0	0.020000005	0.0	0.0	0.014285718	0.010000003	0.0	0.028571436	0.0	0.057142872	0.0	0.011111114	0.066666685	0.0	0.0068965536	0.0	0.0	0.009523812	0.0	0.004545456	0.0	0.0	0.0	0.0	0.0	0.0	0.009090912	0.0	0.018181823	0.0	0.0
0.0	0.0	0.0	0.0	0.0	0.0	0.0	0.0	0.0	0.0	0.0	0.0	0.0	0.0	0.0	0.0	0.0	0.0	0.0	0.0	0.0	0.0	0.0	0.0	0.0	0.0	0.0	0.0	0.0	0.0	0.0
0.0	0.0	0.010526318	0.0	0.0	0.0	0.0	0.016666671	0.0	0.005263159	0.0	0.0	0.044444457	0.0	1.8486344E-6	0.0	0.008695655	0.021052636	0.0043478273	0.0	0.044462305	0.010000003	0.012903228	0.005263159	0.0	0.008333336	0.022222228	0.0	0.020000005	0.013333337
0.0	0.0	0.012500003	0.009090912	0.0	0.022222228	0.0	0.022222228	0.0	0.010000003	0.025000006	0.0	0.006451614	0.0	0.0	0.008695655	0.0	0.0043478273	0.0	0.0	0.010000003	0.0	0.0	0.011111114	0.008333336	0.022222228	0.01538462	0.0	0.0
0.0	0.0	0.0	0.0	0.0	0.0	0.0	0.0	0.0	0.0	0.0	0.0	0.0	0.0	0.0	0.0	0.0	0.0	0.0	0.0	0.0	0.0	0.0	0.0	0.0	0.0	0.0	0.0
0.0	0.027586214	0.0	0.0	0.010526318	0.0	0.0044444455	0.059259273	0.0	0.008000001	0.0	0.0	0.0	0.0066666687	0.00769231	0.007547172	0.0	0.012500003	0.007407409	0.005263159	0.0044444455	0.0	0.006451614	0.012500003	0.030000009	0.011764709	0.009090912
0.00769231	0.0	0.01538462	0.0	0.03076924	0.004761906	0.008333336	0.016666671	0.009090912	0.41714287	0.0	0.0	0.0074213548	0.0	0.0040000007	0.0	0.0	0.0	0.0	0.0	7.3594926E-8	0.007142859	0.0	0.011764709	0.0	0.010526318
0.0	0.010526318	0.0	0.010526318	0.004166668	0.04000001	0.011111114	0.007142859	0.0048780497	0.0	0.0	0.0060606077	0.0068965536	0.007142859	0.0	0.0	0.0	0.0048780497	0.004166668	0.0	0.0058823545	0.0	0.01739131	0.0	0.0
0.0	0.0	0.0	0.0	0.0	0.0	0.0	0.0	0.0	0.0	0.0	0.0	0.0	0.0	0.0	0.0	0.0	0.0	0.0	0.0	0.0	0.0	0.0	0.0
0.0	0.033333343	0.0	0.023529418	0.04000001	0.0	0.007142859	0.0	0.0	0.020000005	0.0	0.009302327	0.0	0.0	0.0	0.0	0.0	0.0	0.019047624	0.0	0.020000005	0.0	0.0
0.0	0.005263159	0.0	0.0	0.011111114	0.0	0.0	0.0	0.008695655	0.010526318	0.008695655	0.0	0.022222228	0.020000005	0.006451614	0.015789477	0.0	0.008333336	0.022222228	0.0	0.020000005	0.04000001
0.0	0.011764709	0.08000002	0.0	0.007142859	0.0	0.0	0.010000003	0.0	0.0046511637	0.0	0.0	0.0	0.0	0.0	0.0	0.009523812	0.0	0.020000005	0.0	0.0
0.0043478273	0.0	0.013636367	0.014035091	0.0	0.0	0.0040816334	0.008888891	0.011111114	0.0	0.005714287	0.008695655	0.010526318	0.0031250007	0.0	0.0040000007	0.005714287	0.0	0.005555557	0.014634149
0.012500003	0.00769231	0.005128206	0.0	0.013333337	0.012903228	0.007407409	0.011111114	0.0	0.0	0.0	0.0	0.0	0.0	0.012500003	0.0	0.028571436	0.0	0.0
0.0	0.007407409	0.0	0.0	0.010526318	0.0	0.004761906	0.0	0.0	0.0	0.0	0.0	0.0	0.010000003	0.0	0.022222228	0.0	0.0
0.005405407	0.0	0.0	0.0068965536	0.024000006	0.003846155	0.0	0.013333337	0.00769231	0.010810814	0.004545456	0.0	0.0066666687	0.013333337	0.0	0.012500003	0.019047624
0.0	0.0	0.00477498	0.0	0.01538462	0.0	0.0	0.0	0.0040000007	0.0035087727	6.1329104E-8	0.0046511637	0.0	0.012500003	0.0	0.011764709
0.0	0.0	0.0	0.008888891	0.0	1.7846769E-5	0.0	0.0066666687	0.0	0.035295974	0.0	0.0	0.0	0.022222228	0.0
0.0	0.0	0.0	0.0	0.0	0.0	0.0	0.0	0.0	0.0	0.0	0.0	0.0	0.0
0.0066666687	0.010526318	0.0	0.010000003	0.006451614	0.004761906	0.0040816334	1.468832E-5	0.017142862	0.010000003	0.016666671	0.009523812	0.00769231
0.003773586	0.0	0.012500003	0.007407409	0.010526318	0.0044444455	0.0	0.006451614	0.012500003	0.0	0.011764709	0.009090912
0.0	0.0046511637	0.007407409	0.009230772	0.008333336	0.003846155	0.01034483	0.0046511637	0.012765961	0.004545456	0.008163267
0.0	0.0	0.014814818	0.0	0.0	0.0	0.0	0.0	0.0	0.0
0.011764709	0.007142859	0.005714287	0.0	0.009523812	0.033333343	0.0	0.028571436	0.016666671
0.005128206	0.021739135	0.0	0.0062500015	0.011764709	0.0	0.011111114	0.03478262
0.010526318	0.0	0.0046511637	0.007142859	0.0	0.0068965536	0.011764709
0.0	0.0040000007	0.005714287	0.0	0.005555557	0.019512199
0.0	0.013333337	0.0	0.012500003	0.0
0.009523812	0.008000001	0.009090912	0.007407409
0.0	0.028571436	0.016666671
0.0	0.0
0.01538462

